2415649
2521392
926771
2440878
2506515
2496968
2467499
2495072
2484655
2530233
2522644
2484971
2473875
2508604
2535393
2457583
2511177
1300791
2506485
1102563
2490704
2484660
828010
2086285
2508620
2529865
2527402
2484890
2485247
2504485
2418336
2484442
2459538
35028
2413171
2504700
2493213
158652
2501968
2484454
548216
2277504
1552347
2517297
2495128
748790
2527965
2521553
2363695
2426354
2456926
2532152
2426811
2303821
2494946
2538344
2370441
2366887
2490615
2433718
151049
2471324
2478440
2477338
2537691
2444899
2516218
2486339
2302125
2462177
1257930
2495165
2504440
2534636
2518777
2478466
2534618
2257696
2421705
2477221
2474438
2484736
2512883
2478978
2471309
2491819
2350137
229795
2536806
2489699
2495105
2346440
2212497
37362
649467
2359407
2534394
2516625
2525353
2288792
2426930
2435033
1218146
2424803
2496789
2522812
2394888
2534708
2424123
2405907
2516969
2485052
2504506
2532590
1682751
2393121
1735517
2322538
2364368
2074641
1584960
2435456
2485121
2447432
2291064
2493039
2435165
2475575
2411576
2400280
757833
1798612
2504581
1201569
2512321
2508454
2471819
2413139
2529149
157279
1533305
2411921
2117734
2504649
2532362
2516520
2516777
2265597
2458083
17214
2504693
2536866
2517205
2312302
2216455
2283191
2477217
2192864
2503043
2316092
1541332
2534504
39439
2424813
2435536
2536858
2324126
2465237
2477317
908806
2519474
1801152
2521156
2497166
2506386
2523179
2363436
2449468
2250101
2221294
2358954
2423942
2059673
2516632
2457146
2394410
2506258
2469222
2478454
1858080
2223505
2529944
2329151
2517296
107044
2411620
1025505
2484779
2450967
576570
2524965
2346650
2369200
2443713
1391866
2508595
2346432
2474145
1808009
2521190
2524610
2485245
2515207
1803085
2515295
2178390
2534390
2373495
2466005
2443622
2484898
1242686
2163709
2379559
2363209
2495185
2473885
2353148
2471117
2378070
1370443
2468953
696633
1602547
2485015
611920
2420065
1203190
2526907
2527899
2532333
2521731
2460132
2529997
2035874
2532414
2458384
2491903
2370579
2484754
2529420
2223468
2124386
2288887
1580404
2453393
2299870
1990048
2438403
2457045
2305779
35619
2508614
2435133
2337453
757838
2476607
2484740
2413416
2466646
4107
2435146
2478995
2508410
2518811
2334328
171876
2306661
2499875
2429242
2535390
2484950
2328741
2484786
2484961
2365313
2429283
2298006
2512289
5576
2411670
2499978
2426192
2524591
2517384
2238398
2508451
2517391
2449019
1635723
2449005
2486091
2508430
2441398
2515716
2443984
2435362
2502399
2465806
2433685
2526618
1724170
1991271
2459822
2455783
2403118
2453563
2376146
2435006
2533141
2506384
2397446
2319605
2491993
2512963
2288979
1709745
2537097
2537098
2223234
2470936
437962
2473602
2454518
2419745
2454540
2352681
2414400
2491994
2458731
324432
2477322
1147168
2485903
2496979
2414298
2508466
2524604
2515826
2477188
2447459
2435347
2499686
631736
2325515
2518716
17869
1520293
1001953
2474328
295501
2411879
2401503
2495462
2466114
579508
2506504
2502402
2443849
2460876
1592486
34836
2353188
2441389
639006
2518567
2369216
2451579
2476672
2401549
2419208
2532393
2511084
2506283
2124287
1150320
2438838
2463911
2512299
2531982
496957
2525442
2495533
2525510
2345655
2289111
2438317
2497122
2472906
2491857
2508395
2459518
2531622
792698
2515941
2503059
2396975
2401559
2372301
2372594
2508588
1738873
783077
2495074
2373518
36493
2491909
2476719
1796654
2336194
2489704
1665114
2142237
2514686
1028536
2522587
2426981
2506332
2314149
2520756
2473819
2531959
2484742
911850
2483
1758620
2530217
2446079
1680297
2451297
2325555
2512877
2495110
2423059
301968
2365553
2382653
2053190
2388280
2353520
2532373
2524226
2283105
2382051
2457588
20614
1644845
164853
1675668
2446283
19469
2435381
5788
2453370
2479046
2517226
2427084
2490821
2449475
2334269
20290
2386476
2131439
2516802
2535622
2405816
2495190
2422356
2497257
2478436
107051
2942
2449274
2449275
2515685
1437376
2327019
2527529
2353152
2474282
915671
2530197
1680223
2343295
2070233
2289112
2484790
578364
2517335
2460888
2504460
2502987
2431951
2516794
1050149
2273791
2090303
2538296
2361953
2399434
1733346
2537288
2473845
1820686
2524626
2501167
2491864
2515690
2359337
2447692
2506294
2353149
2351435
2460877
2340254
1835721
2426544
2486196
2478889
897433
2532153
2476515
2382641
2460728
2426234
2419405
1414680
2061652
2408601
2222905
2525505
300099
2443725
2486079
2453500
2312444
2484518
2473706
2163718
2433664
2426458
2424747
2405909
2427013
610637
2389097
1520313
2466652
2484855
2431962
2496993
2485124
2524644
2525218
2457460
2072218
2379805
1963664
1968001
2392027
2484804
2122327
2333787
1843202
2419080
1917859
2392330
2538146
2141701
837388
2524657
2484741
1589182
2170762
2312449
2382696
1978039
2496800
2438485
2365013
2484499
2478958
2485989
2489693
2469223
2511110
2497187
2515681
19339
2515088
2421500
2508463
2458826
2415147
2457543
866352
2444193
2045938
2532957
2525280
2435354
291177
2433723
2485029
2534024
1237898
1803168
2429648
2466115
2417969
610491
2523856
2519802
2457806
2532685
2046208
2338800
2469076
2451526
647000
2512288
2342110
2521236
2109976
831574
2534416
2493114
2515922
2497163
2525513
2536000
2434976
1959683
812285
2324058
2334271
2334272
2334273
2335326
2512936
1155
2301460
2495103
2412444
2306853
1580080
2495086
2470601
2455753
2082287
2501721
1202981
2449497
2354225
2485217
2312450
2484764
2532640
2532949
2535212
2443614
1617023
1526292
2449179
2495091
2532353
2495490
882271
2125604
2435226
2291033
2493070
2508386
968796
18837
2534142
2485081
2074710
2449323
2484501
2449499
2037577
2397444
2287064
2311371
2445097
757846
2370726
2353154
2484638
1957197
2476537
2405820
2530146
2506401
36878
2359204
2468515
2351315
2420266
2523457
2471290
2490556
2170759
2352768
1404284
2529931
2529835
2381838
2534691
985991
2525797
1634048
2495147
1816912
2124915
2389490
2340586
109418
38578
2368127
609125
2290950
2491856
2400375
2325455
2389497
2484980
2426449
2525291
2454528
2536626
2519527
2527575
2434912
2512937
2466677
841441
2233477
692610
2446090
867550
2530150
2471671
2307618
2484948
2524310
803426
2484731
2470881
1421491
1265415
2512864
2497925
2495561
2336682
2518214
1756752
2397555
2508409
